10000 ( sredni, min, max) 
0.000  0.000197128 
0.250  0.00039202  
0.500  0.000571283 
0.750  0.000696419 
0.950  0.00082355  
0.997  0.000949874 
1.000  0.00108332  

50000 ( sredni, min, max) 
 0.000  0.00182717  
 0.250  0.0025475   
 0.500  0.00330733  
 0.750  0.00409868  
 0.950  0.00480814  
 0.997  0.00551123  
 1.000  0.00621953  

100000 ( sredni, min, max) 
 0.000  0.00773322  
 0.250  0.00925152  
 0.500  0.0108265   
 0.750  0.0123259   
 0.950  0.013825    
 0.997  0.0153246   
 1.000  0.0168325   

500000 ( sredni, min, max)
 0.000  0.0254752  
 0.250  0.034399   
 0.500  0.0429959  
 0.750  0.0514921  
 0.950  0.0600157  
 0.997  0.0685051  
 1.000  0.0772765  

1000000 ( sredni, min, max) 
 0.000 0.0960648  
 0.250 0.114884   
 0.500 0.133949   
 0.750 0.154653   
 0.950 0.175381   
 0.997 0.194077   
 1.000 0.213287   
