10000 (sr, min, max)
 0.000  7.77608e-05  0.000721216  0.000983517
 0.250  0.000151381  0.000585706  0.000983517
 0.500  0.000212863  0.000481352  0.000983517
 0.750  0.000276917  0.000478577  0.000983517
 0.950  0.000339136  0.000471277  0.000983517
 0.997  0.000393546  0.000448850  0.000983517
 1.000  0.000451647  0.000471042  0.000983517
 
50000 (sr, min, max)
 0.000  0.00074964  0.00256737  0.00387516
 0.250  0.00103179  0.00250401  0.00387516
 0.500  0.00132250  0.00254783  0.00400227
 0.750  0.00162368  0.00254662  0.00400227
 0.950  0.00196868  0.00259768  0.00523287
 0.997  0.00227610  0.00254680  0.00559583
 1.000  0.00266602  0.00277992  0.00559583

100000 (sr, min, max)
 0.000  0.00328598  0.00545684  0.00743809
 0.250  0.00388599  0.00549716  0.00813979
 0.500  0.00446795  0.00544595  0.00813979
 0.750  0.00507154  0.00547253  0.00813979
 0.950  0.00573596  0.00540898  0.01044650
 0.997  0.00633350  0.00553429  0.01044650
 1.000  0.00695736  0.00542226  0.01044650

500000 (sr, min, max)
 0.000  0.0103269  0.0308799  0.0443978
 0.250  0.0135934  0.0309203  0.0443978
 0.500  0.0169444  0.0308306  0.0466943
 0.750  0.0202407  0.0307434  0.0466943
 0.950  0.0236223  0.0314383  0.0466943
 0.997  0.0270242  0.0316064  0.0466943
 1.000  0.031506   0.0372483  0.0537409

1000000 (sr, min, max)
 0.000  0.0401405  0.0686737  0.112033
 0.250  0.048169   0.0638522  0.112033
 0.500  0.0559117  0.0648003  0.112033
 0.750  0.0633203  0.0654374  0.112033
 0.950  0.0704109  0.06374    0.112033
 0.997  0.0775585  0.0650471  0.112033
 1.000  0.084863   0.0634941  0.112033
