10000
 0.000  2.39147e-05  
 0.250  5.02635e-05  
 0.500  8.17048e-05  
 0.750  0.000114323  
 0.950  0.00014254   
 0.997  0.000171728  
 1.000  0.000202281  

50000
 0.000  0.000345399  
 0.250  0.000495481  
 0.500  0.000612174  
 0.750  0.000727901  
 0.950  0.000842434  
 0.997  0.000954918  
 1.000  0.0010852    

100000
 0.000  0.00133218   
 0.250  0.00157497   
 0.500  0.0017974    
 0.750  0.00202309   
 0.950  0.00224949   
 0.997  0.00248809   
 1.000  0.00274914   

500000
 0.000  0.0040633    
 0.250  0.00523635   
 0.500  0.00635784   
 0.750  0.00751475   
 0.950  0.00864256   
 0.997  0.0097904    
 1.000  0.0109215    
 
1000000
 0.000  0.0132026    
 0.250  0.0155103    
 0.500  0.0178295    
 0.750  0.0201846    
 0.950  0.0224291    
 0.997  0.0246812    
 1.000  0.0269969    
    